0 1
8 9

2 3
10 11

4 5
12 13

6 7
14 15

16 17
24 25

18 19
26 27

20 21
28 29

22 23
30 31

32 33
40 41

34 35
42 43

36 37
44 45

38 39
46 47

48 49
56 57

50 51
58 59

52 53
60 61

54 55
62 63

0 1
8 9

2 3
10 11

4 5
12 13

6 7
14 15

16 17
24 25

18 19
26 27

20 21
28 29

22 23
30 31

32 33
40 41

34 35
42 43

36 37
44 45

38 39
46 47

48 49
56 57

50 51
58 59

52 53
60 61

54 55
62 63

0 1
8 9

2 3
10 11

4 5
12 13

6 7
14 15

16 17
24 25

18 19
26 27

20 21
28 29

22 23
30 31

32 33
40 41

34 35
42 43

36 37
44 45

38 39
46 47

48 49
56 57

50 51
58 59

52 53
60 61

54 55
62 63

0 1
8 9

2 3
10 11

4 5
12 13

6 7
14 15

16 17
24 25

18 19
26 27

20 21
28 29

22 23
30 31

32 33
40 41

34 35
42 43

36 37
44 45

38 39
46 47

48 49
56 57

50 51
58 59

52 53
60 61

54 55
62 63

0 1
8 9

2 3
10 11

4 5
12 13

6 7
14 15

16 17
24 25

18 19
26 27

20 21
28 29

22 23
30 31

32 33
40 41

34 35
42 43

36 37
44 45

38 39
46 47

48 49
56 57

50 51
58 59

52 53
60 61

54 55
62 63

0 1
8 9

2 3
10 11

4 5
12 13

6 7
14 15

16 17
24 25

18 19
26 27

20 21
28 29

22 23
30 31

32 33
40 41

34 35
42 43

36 37
44 45

38 39
46 47

48 49
56 57

50 51
58 59

52 53
60 61

54 55
62 63

0 1
8 9

2 3
10 11

4 5
12 13

6 7
14 15

16 17
24 25

18 19
26 27

20 21
28 29

22 23
30 31

32 33
40 41

34 35
42 43

36 37
44 45

38 39
46 47

48 49
56 57

50 51
58 59

52 53
60 61

54 55
62 63

0 1
8 9

2 3
10 11

4 5
12 13

6 7
14 15

16 17
24 25

18 19
26 27

20 21
28 29

22 23
30 31

32 33
40 41

34 35
42 43

36 37
44 45

38 39
46 47

48 49
56 57

50 51
58 59

52 53
60 61

54 55
62 63

0 1
8 9

2 3
10 11

4 5
12 13

6 7
14 15

16 17
24 25

18 19
26 27

20 21
28 29

22 23
30 31

32 33
40 41

34 35
42 43

36 37
44 45

38 39
46 47

48 49
56 57

50 51
58 59

52 53
60 61

54 55
62 63

0 1
8 9

2 3
10 11

4 5
12 13

6 7
14 15

16 17
24 25

18 19
26 27

20 21
28 29

22 23
30 31

32 33
40 41

34 35
42 43

36 37
44 45

38 39
46 47

48 49
56 57

50 51
58 59

52 53
60 61

54 55
62 63

0 1
8 9

2 3
10 11

4 5
12 13

6 7
14 15

16 17
24 25

18 19
26 27

20 21
28 29

22 23
30 31

32 33
40 41

34 35
42 43

36 37
44 45

38 39
46 47

48 49
56 57

50 51
58 59

52 53
60 61

54 55
62 63

0 1
8 9

2 3
10 11

4 5
12 13

6 7
14 15

16 17
24 25

18 19
26 27

20 21
28 29

22 23
30 31

32 33
40 41

34 35
42 43

36 37
44 45

38 39
46 47

48 49
56 57

50 51
58 59

52 53
60 61

54 55
62 63

0 1
8 9

2 3
10 11

4 5
12 13

6 7
14 15

16 17
24 25

18 19
26 27

20 21
28 29

22 23
30 31

32 33
40 41

34 35
42 43

36 37
44 45

38 39
46 47

48 49
56 57

50 51
58 59

52 53
60 61

54 55
62 63

0 1
8 9

2 3
10 11

4 5
12 13

6 7
14 15

16 17
24 25

18 19
26 27

20 21
28 29

22 23
30 31

32 33
40 41

34 35
42 43

36 37
44 45

38 39
46 47

48 49
56 57

50 51
58 59

52 53
60 61

54 55
62 63

0 1
8 9

2 3
10 11

4 5
12 13

6 7
14 15

16 17
24 25

18 19
26 27

20 21
28 29

22 23
30 31

32 33
40 41

34 35
42 43

36 37
44 45

38 39
46 47

48 49
56 57

50 51
58 59

52 53
60 61

54 55
62 63

0 1
8 9

2 3
10 11

4 5
12 13

6 7
14 15

16 17
24 25

18 19
26 27

20 21
28 29

22 23
30 31

32 33
40 41

34 35
42 43

36 37
44 45

38 39
46 47

48 49
56 57

50 51
58 59

52 53
60 61

54 55
62 63

